
%% HW 1            
% Melvin Shajee    
% BME210-002       
%Due: 01/27/2023   

%HW Assignment #10
a = ((1/(7^2))+(3*pi/2)-3)^(-3);
b = ((6*pi)-pi)^(0.5);
c = 1 + (1/4) + (1/(4^2)) + 1/(5^3) + 1/(4^4);

%HW Assignment #11
x = 8; y = -6;
a2 = (2*(x^3))^0.25;
b2 = (2*(y^3))^0.25;

%HW Assignment #12
%a) 4 x 5 array.
%b) -3.5
%c) 2.1
%d)  0    2.1000
 %  -0.1000   -6.6000
  %  1.2000    0.5000
   % 1.1000         0
%e)   -3.5000    5.0000
  % -0.4000    1.3000